State,Start Timestamp,End Timestamp,Begin Time,End Time,Duration,problemNum,programType
START,2023-10-12 15:27:53.345000,2023-10-12 15:27:54.457000,0.0,1.112,1.112,0,0
TASK COMPREHENSION,2023-10-12 15:27:54.457000,2023-10-12 15:28:11.488000,1.112,18.143,17.031,1,118_original
FAULT LOCALIZATION,2023-10-12 15:28:11.488000,2023-10-12 15:29:34.512000,18.143,101.167,83.024,1,118_original
CODE EDITING,2023-10-12 15:29:34.512000,2023-10-12 15:31:12,101.167,198.655,97.488,1,118_original
COMPILING,2023-10-12 15:31:12,2023-10-12 15:31:15.823000,198.655,202.478,3.823,1,118_original
OUTPUT COMPREHENSION,2023-10-12 15:31:15.823000,2023-10-12 15:31:20,202.478,206.655,4.177,1,118_original
COMPILING,2023-10-12 15:31:20,2023-10-12 15:31:24.833000,206.655,211.488,4.833,1,118_original
OUTPUT COMPREHENSION,2023-10-12 15:31:24.833000,2023-10-12 15:31:34.849000,211.488,221.504,10.016,1,118_original
TASK COMPREHENSION,2023-10-12 15:31:34.849000,2023-10-12 15:32:09.911000,221.504,256.566,35.062,2,121_simple
FAULT LOCALIZATION,2023-10-12 15:32:09.911000,2023-10-12 15:32:34.944000,256.566,281.599,25.033,2,121_simple
CODE EDITING,2023-10-12 15:32:34.944000,2023-10-12 15:33:01,281.599,307.655,26.056,2,121_simple
COMPILING,2023-10-12 15:33:01,2023-10-12 15:33:06.026000,307.655,312.681,5.026,2,121_simple
OUTPUT COMPREHENSION,2023-10-12 15:33:06.026000,2023-10-12 15:33:18.051000,312.681,324.706,12.025,2,121_simple
TASK COMPREHENSION,2023-10-12 15:33:18.051000,2023-10-12 15:33:38.072000,324.706,344.727,20.021,3,203_complex
FAULT LOCALIZATION,2023-10-12 15:33:38.072000,2023-10-12 15:34:04.412000,344.727,371.067,26.34,3,203_complex
CODE EDITING,2023-10-12 15:34:04.412000,2023-10-12 15:34:51,371.067,417.655,46.588,3,203_complex
COMPILING,2023-10-12 15:34:51,2023-10-12 15:34:56.177000,417.655,422.832,5.177,3,203_complex
OUTPUT COMPREHENSION,2023-10-12 15:34:56.177000,2023-10-12 15:35:09,422.832,435.655,12.823,3,203_complex
COMPILING,2023-10-12 15:35:09,2023-10-12 15:35:14.207000,435.655,440.862,5.207,3,203_complex
OUTPUT COMPREHENSION,2023-10-12 15:35:14.207000,2023-10-12 15:35:24.224000,440.862,450.879,10.017,3,203_complex
TASK COMPREHENSION,2023-10-12 15:35:24.224000,2023-10-12 15:36:05.270000,450.879,491.925,41.046,4,35_original
FAULT LOCALIZATION,2023-10-12 15:36:05.270000,2023-10-12 15:36:11.306000,491.925,497.961,6.036,4,35_original
CODE EDITING,2023-10-12 15:36:11.306000,2023-10-12 15:36:37,497.961,523.655,25.694,4,35_original
COMPILING,2023-10-12 15:36:37,2023-10-12 15:36:41.356000,523.655,528.011,4.356,4,35_original
OUTPUT COMPREHENSION,2023-10-12 15:36:41.356000,2023-10-12 15:36:55.384000,528.011,542.039,14.028,4,35_original
TASK COMPREHENSION,2023-10-12 15:36:55.384000,2023-10-12 15:37:54.454000,542.039,601.109,59.07,5,108_simple
FAULT LOCALIZATION,2023-10-12 15:37:54.454000,2023-10-12 15:38:28.303000,601.109,634.958,33.849,5,108_simple
CODE EDITING,2023-10-12 15:38:28.303000,2023-10-12 15:39:43,634.958,709.655,74.697,5,108_simple
COMPILING,2023-10-12 15:39:43,2023-10-12 15:39:47.647000,709.655,714.302,4.647,5,108_simple
OUTPUT COMPREHENSION,2023-10-12 15:39:47.647000,2023-10-12 15:40:27,714.302,753.655,39.353,5,108_simple
COMPILING,2023-10-12 15:40:27,2023-10-12 15:40:31.720000,753.655,758.375,4.72,5,108_simple
OUTPUT COMPREHENSION,2023-10-12 15:40:31.720000,2023-10-12 15:40:37.710000,758.375,764.365,5.99,5,108_simple
CODE EDITING,2023-10-12 15:40:37.710000,2023-10-12 15:41:09,764.365,795.655,31.29,5,108_simple
COMPILING,2023-10-12 15:41:09,2023-10-12 15:41:12.775000,795.655,799.43,3.775,5,108_simple
OUTPUT COMPREHENSION,2023-10-12 15:41:12.775000,2023-10-12 15:41:20.808000,799.43,807.463,8.033,5,108_simple
TASK COMPREHENSION,2023-10-12 15:41:20.808000,2023-10-12 15:42:12.869000,807.463,859.524,52.061,6,13_complex
FAULT LOCALIZATION,2023-10-12 15:42:12.869000,2023-10-12 15:42:47.705000,859.524,894.36,34.836,6,13_complex
CODE EDITING,2023-10-12 15:42:47.705000,2023-10-12 15:42:58,894.36,904.655,10.295,6,13_complex
COMPILING,2023-10-12 15:42:58,2023-10-12 15:43:06.935000,904.655,913.59,8.935,6,13_complex
OUTPUT COMPREHENSION,2023-10-12 15:43:06.935000,2023-10-12 15:43:19.242000,913.59,925.897,12.307,6,13_complex
CODE EDITING,2023-10-12 15:43:19.242000,2023-10-12 15:44:07,925.897,973.655,47.758,6,13_complex
COMPILING,2023-10-12 15:44:07,2023-10-12 15:44:14.072000,973.655,980.727,7.072,6,13_complex
OUTPUT COMPREHENSION,2023-10-12 15:44:14.072000,2023-10-12 15:44:26.313000,980.727,992.968,12.241,6,13_complex
CODE EDITING,2023-10-12 15:44:26.313000,2023-10-12 15:44:29,992.968,995.655,2.687,6,13_complex
COMPILING,2023-10-12 15:44:29,2023-10-12 15:44:33.095000,995.655,999.75,4.095,6,13_complex
OUTPUT COMPREHENSION,2023-10-12 15:44:33.095000,2023-10-12 15:44:44.108000,999.75,1010.763,11.013,6,13_complex
TASK COMPREHENSION,2023-10-12 15:44:44.108000,2023-10-12 15:45:11.141000,1010.763,1037.796,27.033,7,136_original
FAULT LOCALIZATION,2023-10-12 15:45:11.141000,2023-10-12 15:45:14.269000,1037.796,1040.924,3.128,7,136_original
CODE EDITING,2023-10-12 15:45:14.269000,2023-10-12 15:45:56,1040.924,1082.655,41.731,7,136_original
COMPILING,2023-10-12 15:45:56,2023-10-12 15:46:01.215000,1082.655,1087.87,5.215,7,136_original
OUTPUT COMPREHENSION,2023-10-12 15:46:01.215000,2023-10-12 15:46:08.223000,1087.87,1094.878,7.008,7,136_original
TASK COMPREHENSION,2023-10-12 15:46:08.223000,2023-10-12 15:46:42.263000,1094.878,1128.918,34.04,8,1_nonword
FAULT LOCALIZATION,2023-10-12 15:46:42.263000,2023-10-12 15:46:54.086000,1128.918,1140.741,11.823,8,1_nonword
CODE EDITING,2023-10-12 15:46:54.086000,2023-10-12 15:48:05,1140.741,1211.655,70.914,8,1_nonword
COMPILING,2023-10-12 15:48:05,2023-10-12 15:48:09.387000,1211.655,1216.042,4.387,8,1_nonword
OUTPUT COMPREHENSION,2023-10-12 15:48:09.387000,2023-10-12 15:48:21.164000,1216.042,1227.819,11.777,8,1_nonword
CODE EDITING,2023-10-12 15:48:21.164000,2023-10-12 15:48:36,1227.819,1242.655,14.836,8,1_nonword
COMPILING,2023-10-12 15:48:36,2023-10-12 15:48:40.424000,1242.655,1247.079,4.424,8,1_nonword
OUTPUT COMPREHENSION,2023-10-12 15:48:40.424000,2023-10-12 15:48:48.444000,1247.079,1255.099,8.02,8,1_nonword
TASK COMPREHENSION,2023-10-12 15:48:48.444000,2023-10-12 15:49:28.541000,1255.099,1295.196,40.097,9,112_simple
FAULT LOCALIZATION,2023-10-12 15:49:28.541000,2023-10-12 15:49:32.892000,1295.196,1299.547,4.351,9,112_simple
CODE EDITING,2023-10-12 15:49:32.892000,2023-10-12 15:50:17,1299.547,1343.655,44.108,9,112_simple
COMPILING,2023-10-12 15:50:17,2023-10-12 15:50:21.653000,1343.655,1348.308,4.653,9,112_simple
OUTPUT COMPREHENSION,2023-10-12 15:50:21.653000,2023-10-12 15:50:30.666000,1348.308,1357.321,9.013,9,112_simple
TASK COMPREHENSION,2023-10-12 15:50:30.666000,2023-10-12 15:50:44.692000,1357.321,1371.347,14.026,10,104_nonword
FAULT LOCALIZATION,2023-10-12 15:50:44.692000,2023-10-12 15:51:09.542000,1371.347,1396.197,24.85,10,104_nonword
CODE EDITING,2023-10-12 15:51:09.542000,2023-10-12 15:51:15,1396.197,1401.655,5.458,10,104_nonword
COMPILING,2023-10-12 15:51:15,2023-10-12 15:51:20.751000,1401.655,1407.406,5.751,10,104_nonword
OUTPUT COMPREHENSION,2023-10-12 15:51:20.751000,2023-10-12 15:51:29.769000,1407.406,1416.424,9.018,10,104_nonword
TASK COMPREHENSION,2023-10-12 15:51:29.769000,2023-10-12 15:51:50.799000,1416.424,1437.454,21.03,11,169_nonword
FAULT LOCALIZATION,2023-10-12 15:51:50.799000,2023-10-12 15:52:18,1437.454,1464.655,27.201,11,169_nonword
CODE EDITING,2023-10-12 15:52:18,2023-10-12 15:52:33,1464.655,1479.655,15.0,11,169_nonword
COMPILING,2023-10-12 15:52:33,2023-10-12 15:52:37.892000,1479.655,1484.547,4.892,11,169_nonword
OUTPUT COMPREHENSION,2023-10-12 15:52:37.892000,2023-10-12 15:52:45.912000,1484.547,1492.567,8.02,11,169_nonword
TASK COMPREHENSION,2023-10-12 15:52:45.912000,2023-10-12 15:53:20.948000,1492.567,1527.603,35.036,12,66_simple
FAULT LOCALIZATION,2023-10-12 15:53:20.948000,2023-10-12 15:53:24.050000,1527.603,1530.705,3.102,12,66_simple
CODE EDITING,2023-10-12 15:53:24.050000,2023-10-12 15:55:02,1530.705,1628.655,97.95,12,66_simple
COMPILING,2023-10-12 15:55:02,2023-10-12 15:55:07.128000,1628.655,1633.783,5.128,12,66_simple
OUTPUT COMPREHENSION,2023-10-12 15:55:07.128000,2023-10-12 15:55:15.135000,1633.783,1641.79,8.007,12,66_simple
TASK COMPREHENSION,2023-10-12 15:55:15.135000,2023-10-12 15:55:36.184000,1641.79,1662.839,21.049,13,144_complex
FAULT LOCALIZATION,2023-10-12 15:55:36.184000,2023-10-12 15:55:49.463000,1662.839,1676.118,13.279,13,144_complex
CODE EDITING,2023-10-12 15:55:49.463000,2023-10-12 15:56:00,1676.118,1686.655,10.537,13,144_complex
COMPILING,2023-10-12 15:56:00,2023-10-12 15:56:04.218000,1686.655,1690.873,4.218,13,144_complex
OUTPUT COMPREHENSION,2023-10-12 15:56:04.218000,2023-10-12 15:56:08.227000,1690.873,1694.882,4.009,13,144_complex
