State,Start Timestamp,End Timestamp,Begin Time,End Time,Duration,problemNum,programType
START,2023-10-13 21:20:13.670000,2023-10-13 21:20:14.686000,0.0,1.016,1.016,0,0
TASK COMPREHENSION,2023-10-13 21:20:14.686000,2023-10-13 21:20:15.695000,1.016,2.025,1.009,1,136_complex
FAULT LOCALIZATION,2023-10-13 21:20:15.695000,2023-10-13 21:20:36.188000,2.025,22.518,20.493,1,136_complex
CODE EDITING,2023-10-13 21:20:36.188000,2023-10-13 21:20:51,22.518,37.33,14.812,1,136_complex
COMPILING,2023-10-13 21:20:51,2023-10-13 21:20:53.848000,37.33,40.178,2.848,1,136_complex
OUTPUT COMPREHENSION,2023-10-13 21:20:53.848000,2023-10-13 21:21:18,40.178,64.33,24.152,1,136_complex
COMPILING,2023-10-13 21:21:18,2023-10-13 21:21:21.876000,64.33,68.206,3.876,1,136_complex
OUTPUT COMPREHENSION,2023-10-13 21:21:21.876000,2023-10-13 21:21:31.910000,68.206,78.24,10.034,1,136_complex
TASK COMPREHENSION,2023-10-13 21:21:31.910000,2023-10-13 21:21:32.912000,78.24,79.242,1.002,2,121_complex
FAULT LOCALIZATION,2023-10-13 21:21:32.912000,2023-10-13 21:22:05.808000,79.242,112.138,32.896,2,121_complex
CODE EDITING,2023-10-13 21:22:05.808000,2023-10-13 21:22:22,112.138,128.33,16.192,2,121_complex
COMPILING,2023-10-13 21:22:22,2023-10-13 21:22:26.124000,128.33,132.454,4.124,2,121_complex
OUTPUT COMPREHENSION,2023-10-13 21:22:26.124000,2023-10-13 21:22:34.895000,132.454,141.225,8.771,2,121_complex
CODE EDITING,2023-10-13 21:22:34.895000,2023-10-13 21:22:41,141.225,147.33,6.105,2,121_complex
COMPILING,2023-10-13 21:22:41,2023-10-13 21:22:44.199000,147.33,150.529,3.199,2,121_complex
OUTPUT COMPREHENSION,2023-10-13 21:22:44.199000,2023-10-13 21:23:39.485000,150.529,205.815,55.286,2,121_complex
CODE EDITING,2023-10-13 21:23:39.485000,2023-10-13 21:24:29,205.815,255.33,49.515,3,13_original
COMPILING,2023-10-13 21:24:29,2023-10-13 21:24:33.630000,255.33,259.96,4.63,3,13_original
OUTPUT COMPREHENSION,2023-10-13 21:24:33.630000,2023-10-13 21:24:49.401000,259.96,275.731,15.771,3,13_original
CODE EDITING,2023-10-13 21:24:49.401000,2023-10-13 21:25:05,275.731,291.33,15.599,3,13_original
COMPILING,2023-10-13 21:25:05,2023-10-13 21:25:07.688000,291.33,294.018,2.688,3,13_original
OUTPUT COMPREHENSION,2023-10-13 21:25:07.688000,2023-10-13 21:25:08.039000,294.018,294.369,0.351,3,13_original
CODE EDITING,2023-10-13 21:25:08.039000,2023-10-13 21:26:00,294.369,346.33,51.961,3,13_original
COMPILING,2023-10-13 21:26:00,2023-10-13 21:26:04.814000,346.33,351.144,4.814,3,13_original
OUTPUT COMPREHENSION,2023-10-13 21:26:04.814000,2023-10-13 21:26:11.214000,351.144,357.544,6.4,3,13_original
CODE EDITING,2023-10-13 21:26:11.214000,2023-10-13 21:26:28,357.544,374.33,16.786,3,13_original
COMPILING,2023-10-13 21:26:28,2023-10-13 21:26:31.919000,374.33,378.249,3.919,3,13_original
OUTPUT COMPREHENSION,2023-10-13 21:26:31.919000,2023-10-13 21:26:35.939000,378.249,382.269,4.02,3,13_original
TASK COMPREHENSION,2023-10-13 21:26:35.939000,2023-10-13 21:26:37.944000,382.269,384.274,2.005,4,66_nonword
FAULT LOCALIZATION,2023-10-13 21:26:37.944000,2023-10-13 21:27:02.100000,384.274,408.43,24.156,4,66_nonword
CODE EDITING,2023-10-13 21:27:02.100000,2023-10-13 21:27:30,408.43,436.33,27.9,4,66_nonword
COMPILING,2023-10-13 21:27:30,2023-10-13 21:27:35.231000,436.33,441.561,5.231,4,66_nonword
OUTPUT COMPREHENSION,2023-10-13 21:27:35.231000,2023-10-13 21:27:45.225000,441.561,451.555,9.994,4,66_nonword
CODE EDITING,2023-10-13 21:27:45.225000,2023-10-13 21:28:13,451.555,479.33,27.775,4,66_nonword
COMPILING,2023-10-13 21:28:13,2023-10-13 21:28:16.356000,479.33,482.686,3.356,4,66_nonword
OUTPUT COMPREHENSION,2023-10-13 21:28:16.356000,2023-10-13 21:28:24.303000,482.686,490.633,7.947,4,66_nonword
CODE EDITING,2023-10-13 21:28:24.303000,2023-10-13 21:29:19,490.633,545.33,54.697,4,66_nonword
COMPILING,2023-10-13 21:29:19,2023-10-13 21:29:23.599000,545.33,549.929,4.599,4,66_nonword
OUTPUT COMPREHENSION,2023-10-13 21:29:23.599000,2023-10-13 21:29:29.189000,549.929,555.519,5.59,4,66_nonword
CODE EDITING,2023-10-13 21:29:29.189000,2023-10-13 21:30:25,555.519,611.33,55.811,4,66_nonword
COMPILING,2023-10-13 21:30:25,2023-10-13 21:30:28.920000,611.33,615.25,3.92,4,66_nonword
OUTPUT COMPREHENSION,2023-10-13 21:30:28.920000,2023-10-13 21:30:32.922000,615.25,619.252,4.002,4,66_nonword
TASK COMPREHENSION,2023-10-13 21:30:32.922000,2023-10-13 21:30:33.925000,619.252,620.255,1.003,5,169_nonword
FAULT LOCALIZATION,2023-10-13 21:30:33.925000,2023-10-13 21:31:04.861000,620.255,651.191,30.936,5,169_nonword
CODE EDITING,2023-10-13 21:31:04.861000,2023-10-13 21:31:31,651.191,677.33,26.139,5,169_nonword
COMPILING,2023-10-13 21:31:31,2023-10-13 21:31:35.072000,677.33,681.402,4.072,5,169_nonword
OUTPUT COMPREHENSION,2023-10-13 21:31:35.072000,2023-10-13 21:31:39.075000,681.402,685.405,4.003,5,169_nonword
TASK COMPREHENSION,2023-10-13 21:31:39.075000,2023-10-13 21:31:40.092000,685.405,686.422,1.017,6,203_simple
FAULT LOCALIZATION,2023-10-13 21:31:40.092000,2023-10-13 21:32:00.073000,686.422,706.403,19.981,6,203_simple
CODE EDITING,2023-10-13 21:32:00.073000,2023-10-13 21:32:50,706.403,756.33,49.927,6,203_simple
COMPILING,2023-10-13 21:32:50,2023-10-13 21:32:54.332000,756.33,760.662,4.332,6,203_simple
OUTPUT COMPREHENSION,2023-10-13 21:32:54.332000,2023-10-13 21:33:01.338000,760.662,767.668,7.006,6,203_simple
TASK COMPREHENSION,2023-10-13 21:33:01.338000,2023-10-13 21:33:02.360000,767.668,768.69,1.022,7,35_complex
FAULT LOCALIZATION,2023-10-13 21:33:02.360000,2023-10-13 21:33:13.889000,768.69,780.219,11.529,7,35_complex
CODE EDITING,2023-10-13 21:33:13.889000,2023-10-13 21:33:30,780.219,796.33,16.111,7,35_complex
COMPILING,2023-10-13 21:33:30,2023-10-13 21:33:34.440000,796.33,800.77,4.44,7,35_complex
OUTPUT COMPREHENSION,2023-10-13 21:33:34.440000,2023-10-13 21:33:38.453000,800.77,804.783,4.013,7,35_complex
TASK COMPREHENSION,2023-10-13 21:33:38.453000,2023-10-13 21:33:39.454000,804.783,805.784,1.001,8,118_simple
FAULT LOCALIZATION,2023-10-13 21:33:39.454000,2023-10-13 21:33:50.683000,805.784,817.013,11.229,8,118_simple
CODE EDITING,2023-10-13 21:33:50.683000,2023-10-13 21:34:05,817.013,831.33,14.317,8,118_simple
COMPILING,2023-10-13 21:34:05,2023-10-13 21:34:08.509000,831.33,834.839,3.509,8,118_simple
OUTPUT COMPREHENSION,2023-10-13 21:34:08.509000,2023-10-13 21:34:24.931000,834.839,851.261,16.422,8,118_simple
CODE EDITING,2023-10-13 21:34:24.931000,2023-10-13 21:34:49,851.261,875.33,24.069,8,118_simple
COMPILING,2023-10-13 21:34:49,2023-10-13 21:34:53.694000,875.33,880.024,4.694,8,118_simple
OUTPUT COMPREHENSION,2023-10-13 21:34:53.694000,2023-10-13 21:35:44.912000,880.024,931.242,51.218,8,118_simple
CODE EDITING,2023-10-13 21:35:44.912000,2023-10-13 21:36:04,931.242,950.33,19.088,8,118_simple
COMPILING,2023-10-13 21:36:04,2023-10-13 21:36:07.882000,950.33,954.212,3.882,8,118_simple
OUTPUT COMPREHENSION,2023-10-13 21:36:07.882000,2023-10-13 21:36:16.368000,954.212,962.698,8.486,8,118_simple
CODE EDITING,2023-10-13 21:36:16.368000,2023-10-13 21:36:19,962.698,965.33,2.632,8,118_simple
COMPILING,2023-10-13 21:36:19,2023-10-13 21:36:21.908000,965.33,968.238,2.908,8,118_simple
OUTPUT COMPREHENSION,2023-10-13 21:36:21.908000,2023-10-13 21:36:30.513000,968.238,976.843,8.605,8,118_simple
CODE EDITING,2023-10-13 21:36:30.513000,2023-10-13 21:37:21,976.843,1027.33,50.487,8,118_simple
COMPILING,2023-10-13 21:37:21,2023-10-13 21:37:25.140000,1027.33,1031.47,4.14,8,118_simple
OUTPUT COMPREHENSION,2023-10-13 21:37:25.140000,2023-10-13 21:37:31.698000,1031.47,1038.028,6.558,8,118_simple
CODE EDITING,2023-10-13 21:37:31.698000,2023-10-13 21:37:33,1038.028,1039.33,1.302,8,118_simple
COMPILING,2023-10-13 21:37:33,2023-10-13 21:37:37.197000,1039.33,1043.527,4.197,8,118_simple
OUTPUT COMPREHENSION,2023-10-13 21:37:37.197000,2023-10-13 21:38:00.626000,1043.527,1066.956,23.429,8,118_simple
CODE EDITING,2023-10-13 21:38:00.626000,2023-10-13 21:38:44,1066.956,1110.33,43.374,8,118_simple
COMPILING,2023-10-13 21:38:44,2023-10-13 21:38:48.422000,1110.33,1114.752,4.422,8,118_simple
OUTPUT COMPREHENSION,2023-10-13 21:38:48.422000,2023-10-13 21:38:52.397000,1114.752,1118.727,3.975,8,118_simple
CODE EDITING,2023-10-13 21:38:52.397000,2023-10-13 21:39:02,1118.727,1128.33,9.603,8,118_simple
COMPILING,2023-10-13 21:39:02,2023-10-13 21:39:05.477000,1128.33,1131.807,3.477,8,118_simple
OUTPUT COMPREHENSION,2023-10-13 21:39:05.477000,2023-10-13 21:39:09.207000,1131.807,1135.537,3.73,8,118_simple
CODE EDITING,2023-10-13 21:39:09.207000,2023-10-13 21:39:13.507000,1135.537,1139.837,4.3,8,118_simple
IDLE,2023-10-13 21:39:13.507000,2023-10-13 21:39:33.856000,1139.837,1160.186,20.349,9,104_original
CODE EDITING,2023-10-13 21:39:33.856000,2023-10-13 21:39:52,1160.186,1178.33,18.144,9,104_original
COMPILING,2023-10-13 21:39:52,2023-10-13 21:39:55.703000,1178.33,1182.033,3.703,9,104_original
OUTPUT COMPREHENSION,2023-10-13 21:39:55.703000,2023-10-13 21:40:01.743000,1182.033,1188.073,6.04,9,104_original
TASK COMPREHENSION,2023-10-13 21:40:01.743000,2023-10-13 21:40:02.773000,1188.073,1189.103,1.03,10,108_complex
FAULT LOCALIZATION,2023-10-13 21:40:02.773000,2023-10-13 21:40:13.799000,1189.103,1200.129,11.026,10,108_complex
CODE EDITING,2023-10-13 21:40:13.799000,2023-10-13 21:40:33,1200.129,1219.33,19.201,10,108_complex
COMPILING,2023-10-13 21:40:33,2023-10-13 21:40:37.860000,1219.33,1224.19,4.86,10,108_complex
OUTPUT COMPREHENSION,2023-10-13 21:40:37.860000,2023-10-13 21:40:44.057000,1224.19,1230.387,6.197,10,108_complex
CODE EDITING,2023-10-13 21:40:44.057000,2023-10-13 21:40:47,1230.387,1233.33,2.943,10,108_complex
COMPILING,2023-10-13 21:40:47,2023-10-13 21:40:50.895000,1233.33,1237.225,3.895,10,108_complex
OUTPUT COMPREHENSION,2023-10-13 21:40:50.895000,2023-10-13 21:40:56.913000,1237.225,1243.243,6.018,10,108_complex
TASK COMPREHENSION,2023-10-13 21:40:56.913000,2023-10-13 21:40:57.924000,1243.243,1244.254,1.011,11,1_simple
FAULT LOCALIZATION,2023-10-13 21:40:57.924000,2023-10-13 21:41:10.664000,1244.254,1256.994,12.74,11,1_simple
CODE EDITING,2023-10-13 21:41:10.664000,2023-10-13 21:41:20,1256.994,1266.33,9.336,11,1_simple
COMPILING,2023-10-13 21:41:20,2023-10-13 21:41:24.006000,1266.33,1270.336,4.006,11,1_simple
OUTPUT COMPREHENSION,2023-10-13 21:41:24.006000,2023-10-13 21:41:31.323000,1270.336,1277.653,7.317,11,1_simple
CODE EDITING,2023-10-13 21:41:31.323000,2023-10-13 21:41:42,1277.653,1288.33,10.677,11,1_simple
COMPILING,2023-10-13 21:41:42,2023-10-13 21:41:46.070000,1288.33,1292.4,4.07,11,1_simple
OUTPUT COMPREHENSION,2023-10-13 21:41:46.070000,2023-10-13 21:41:52.910000,1292.4,1299.24,6.84,11,1_simple
CODE EDITING,2023-10-13 21:41:52.910000,2023-10-13 21:41:56,1299.24,1302.33,3.09,11,1_simple
COMPILING,2023-10-13 21:41:56,2023-10-13 21:42:00.104000,1302.33,1306.434,4.104,11,1_simple
OUTPUT COMPREHENSION,2023-10-13 21:42:00.104000,2023-10-13 21:42:12.224000,1306.434,1318.554,12.12,11,1_simple
CODE EDITING,2023-10-13 21:42:12.224000,2023-10-13 21:42:18,1318.554,1324.33,5.776,11,1_simple
COMPILING,2023-10-13 21:42:18,2023-10-13 21:42:22.157000,1324.33,1328.487,4.157,11,1_simple
OUTPUT COMPREHENSION,2023-10-13 21:42:22.157000,2023-10-13 21:42:25.957000,1328.487,1332.287,3.8,11,1_simple
CODE EDITING,2023-10-13 21:42:25.957000,2023-10-13 21:42:27,1332.287,1333.33,1.043,11,1_simple
COMPILING,2023-10-13 21:42:27,2023-10-13 21:42:31.164000,1333.33,1337.494,4.164,11,1_simple
OUTPUT COMPREHENSION,2023-10-13 21:42:31.164000,2023-10-13 21:42:43.353000,1337.494,1349.683,12.189,11,1_simple
CODE EDITING,2023-10-13 21:42:43.353000,2023-10-13 21:42:47,1349.683,1353.33,3.647,11,1_simple
COMPILING,2023-10-13 21:42:47,2023-10-13 21:42:50.202000,1353.33,1356.532,3.202,11,1_simple
OUTPUT COMPREHENSION,2023-10-13 21:42:50.202000,2023-10-13 21:42:53.438000,1356.532,1359.768,3.236,11,1_simple
CODE EDITING,2023-10-13 21:42:53.438000,2023-10-13 21:43:00.244000,1359.768,1366.574,6.806,11,1_simple
TASK COMPREHENSION,2023-10-13 21:43:00.244000,2023-10-13 21:43:02.249000,1366.574,1368.579,2.005,12,144_original
FAULT LOCALIZATION,2023-10-13 21:43:02.249000,2023-10-13 21:43:09.728000,1368.579,1376.058,7.479,12,144_original
CODE EDITING,2023-10-13 21:43:09.728000,2023-10-13 21:43:17,1376.058,1383.33,7.272,12,144_original
COMPILING,2023-10-13 21:43:17,2023-10-13 21:43:20.295000,1383.33,1386.625,3.295,12,144_original
OUTPUT COMPREHENSION,2023-10-13 21:43:20.295000,2023-10-13 21:43:29.324000,1386.625,1395.654,9.029,12,144_original
TASK COMPREHENSION,2023-10-13 21:43:29.324000,2023-10-13 21:43:30.331000,1395.654,1396.661,1.007,13,112_nonword
FAULT LOCALIZATION,2023-10-13 21:43:30.331000,2023-10-13 21:43:43.694000,1396.661,1410.024,13.363,13,112_nonword
CODE EDITING,2023-10-13 21:43:43.694000,2023-10-13 21:44:47,1410.024,1473.33,63.306,13,112_nonword
COMPILING,2023-10-13 21:44:47,2023-10-13 21:44:56.603000,1473.33,1482.933,9.603,13,112_nonword
OUTPUT COMPREHENSION,2023-10-13 21:44:56.603000,2023-10-13 21:45:05,1482.933,1491.33,8.397,13,112_nonword
COMPILING,2023-10-13 21:45:05,2023-10-13 21:46:20.041000,1491.33,1566.371,75.041,13,112_nonword
OUTPUT COMPREHENSION,2023-10-13 21:46:20.041000,2023-10-13 21:46:20.041000,1566.371,1566.371,0.0,13,112_nonword
