State,Start Timestamp,End Timestamp,Begin Time,End Time,Duration,problemNum,programType
START,2023-06-23 18:42:12.030000,2023-06-23 18:42:27.431000,0.0,15.401,15.401,0,0
TASK COMPREHENSION,2023-06-23 18:42:27.431000,2023-06-23 18:42:29.775000,15.401,17.745,2.344,1,136_complex
FAULT LOCALIZATION,2023-06-23 18:42:29.775000,2023-06-23 18:43:19.234000,17.745,67.204,49.459,1,136_complex
CODE EDITING,2023-06-23 18:43:19.234000,2023-06-23 18:46:12,67.204,239.97,172.766,1,136_complex
COMPILING,2023-06-23 18:46:12,2023-06-23 18:46:15.706000,239.97,243.676,3.706,1,136_complex
OUTPUT COMPREHENSION,2023-06-23 18:46:15.706000,2023-06-23 18:46:33.802000,243.676,261.772,18.096,1,136_complex
TASK COMPREHENSION,2023-06-23 18:46:33.802000,2023-06-23 18:46:35.817000,261.772,263.787,2.015,2,144_nonword
FAULT LOCALIZATION,2023-06-23 18:46:35.817000,2023-06-23 18:47:57.566000,263.787,345.536,81.749,2,144_nonword
CODE EDITING,2023-06-23 18:47:57.566000,2023-06-23 18:48:54,345.536,401.97,56.434,2,144_nonword
COMPILING,2023-06-23 18:48:54,2023-06-23 18:48:59.118000,401.97,407.088,5.118,2,144_nonword
OUTPUT COMPREHENSION,2023-06-23 18:48:59.118000,2023-06-23 18:49:15.177000,407.088,423.147,16.059,2,144_nonword
TASK COMPREHENSION,2023-06-23 18:49:15.177000,2023-06-23 18:49:16.183000,423.147,424.153,1.006,3,108_complex
FAULT LOCALIZATION,2023-06-23 18:49:16.183000,2023-06-23 18:50:30.723000,424.153,498.693,74.54,3,108_complex
CODE EDITING,2023-06-23 18:50:30.723000,2023-06-23 18:50:59,498.693,526.97,28.277,3,108_complex
COMPILING,2023-06-23 18:50:59,2023-06-23 18:51:04.426000,526.97,532.396,5.426,3,108_complex
OUTPUT COMPREHENSION,2023-06-23 18:51:04.426000,2023-06-23 18:53:32.334000,532.396,680.304,147.908,3,108_complex
CODE EDITING,2023-06-23 18:53:32.334000,2023-06-23 18:56:15,680.304,842.97,162.666,3,108_complex
COMPILING,2023-06-23 18:56:15,2023-06-23 18:56:18.972000,842.97,846.942,3.972,3,108_complex
OUTPUT COMPREHENSION,2023-06-23 18:56:18.972000,2023-06-23 18:57:30.116000,846.942,918.086,71.144,3,108_complex
TASK COMPREHENSION,2023-06-23 18:57:30.116000,2023-06-23 18:57:32.126000,918.086,920.096,2.01,4,203_simple
FAULT LOCALIZATION,2023-06-23 18:57:32.126000,2023-06-23 19:01:01.587000,920.096,1129.557,209.461,4,203_simple
CODE EDITING,2023-06-23 19:01:01.587000,2023-06-23 19:05:44,1129.557,1411.97,282.413,4,203_simple
COMPILING,2023-06-23 19:05:44,2023-06-23 19:05:47.806000,1411.97,1415.776,3.806,4,203_simple
OUTPUT COMPREHENSION,2023-06-23 19:05:47.806000,2023-06-23 19:06:27.436000,1415.776,1455.406,39.63,4,203_simple
TASK COMPREHENSION,2023-06-23 19:06:27.436000,2023-06-23 19:06:28.468000,1455.406,1456.438,1.032,5,104_original
FAULT LOCALIZATION,2023-06-23 19:06:28.468000,2023-06-23 19:07:20.640000,1456.438,1508.61,52.172,5,104_original
CODE EDITING,2023-06-23 19:07:20.640000,2023-06-23 19:08:22,1508.61,1569.97,61.36,5,104_original
COMPILING,2023-06-23 19:08:22,2023-06-23 19:08:28.343000,1569.97,1576.313,6.343,5,104_original
OUTPUT COMPREHENSION,2023-06-23 19:08:28.343000,2023-06-23 19:08:41.779000,1576.313,1589.749,13.436,5,104_original
CODE EDITING,2023-06-23 19:08:41.779000,2023-06-23 19:12:51,1589.749,1838.97,249.221,5,104_original
COMPILING,2023-06-23 19:12:51,2023-06-23 19:12:54.935000,1838.97,1842.905,3.935,5,104_original
OUTPUT COMPREHENSION,2023-06-23 19:12:54.935000,2023-06-23 19:13:07.236000,1842.905,1855.206,12.301,5,104_original
CODE EDITING,2023-06-23 19:13:07.236000,2023-06-23 19:13:54,1855.206,1901.97,46.764,5,104_original
COMPILING,2023-06-23 19:13:54,2023-06-23 19:13:57.123000,1901.97,1905.093,3.123,5,104_original
OUTPUT COMPREHENSION,2023-06-23 19:13:57.123000,2023-06-23 19:14:07.051000,1905.093,1915.021,9.928,5,104_original
CODE EDITING,2023-06-23 19:14:07.051000,2023-06-23 19:14:54,1915.021,1961.97,46.949,5,104_original
COMPILING,2023-06-23 19:14:54,2023-06-23 19:14:57.263000,1961.97,1965.233,3.263,5,104_original
OUTPUT COMPREHENSION,2023-06-23 19:14:57.263000,2023-06-23 19:15:11.315000,1965.233,1979.285,14.052,5,104_original
TASK COMPREHENSION,2023-06-23 19:15:11.315000,2023-06-23 19:15:12.319000,1979.285,1980.289,1.004,6,118_original
FAULT LOCALIZATION,2023-06-23 19:15:12.319000,2023-06-23 19:16:06.467000,1980.289,2034.437,54.148,6,118_original
CODE EDITING,2023-06-23 19:16:06.467000,2023-06-23 19:18:37,2034.437,2184.97,150.533,6,118_original
COMPILING,2023-06-23 19:18:37,2023-06-23 19:18:41.678000,2184.97,2189.648,4.678,6,118_original
OUTPUT COMPREHENSION,2023-06-23 19:18:41.678000,2023-06-23 19:18:51.215000,2189.648,2199.185,9.537,6,118_original
CODE EDITING,2023-06-23 19:18:51.215000,2023-06-23 19:21:07,2199.185,2334.97,135.785,6,118_original
COMPILING,2023-06-23 19:21:07,2023-06-23 19:21:10.914000,2334.97,2338.884,3.914,6,118_original
OUTPUT COMPREHENSION,2023-06-23 19:21:10.914000,2023-06-23 19:21:26.854000,2338.884,2354.824,15.94,6,118_original
CODE EDITING,2023-06-23 19:21:26.854000,2023-06-23 19:23:58.331000,2354.824,2506.301,151.477,6,118_original
TASK COMPREHENSION,2023-06-23 19:23:58.331000,2023-06-23 19:23:59.331000,2506.301,2507.301,1.0,7,169_original
FAULT LOCALIZATION,2023-06-23 19:23:59.331000,2023-06-23 19:24:22.838000,2507.301,2530.808,23.507,7,169_original
CODE EDITING,2023-06-23 19:24:22.838000,2023-06-23 19:24:59,2530.808,2566.97,36.162,7,169_original
COMPILING,2023-06-23 19:24:59,2023-06-23 19:25:03.526000,2566.97,2571.496,4.526,7,169_original
OUTPUT COMPREHENSION,2023-06-23 19:25:03.526000,2023-06-23 19:25:03.526000,2571.496,2571.496,0.0,7,169_original
