State,Start Timestamp,End Timestamp,Begin Time,End Time,Duration,problemNum,programType
START,2023-06-21 22:22:15.438000,2023-06-21 22:22:30.473000,0.0,15.035,15.035,0,0
TASK COMPREHENSION,2023-06-21 22:22:30.473000,2023-06-21 22:22:36.573000,15.035,21.135,6.1,1,104_simple
FAULT LOCALIZATION,2023-06-21 22:22:36.573000,2023-06-21 22:23:19.753000,21.135,64.315,43.18,1,104_simple
CODE EDITING,2023-06-21 22:23:19.753000,2023-06-21 22:23:59,64.315,103.562,39.247,1,104_simple
COMPILING,2023-06-21 22:23:59,2023-06-21 22:24:02.931000,103.562,107.493,3.931,1,104_simple
OUTPUT COMPREHENSION,2023-06-21 22:24:02.931000,2023-06-21 22:24:13,107.493,117.562,10.069,1,104_simple
COMPILING,2023-06-21 22:24:13,2023-06-21 22:24:18.963000,117.562,123.525,5.963,1,104_simple
OUTPUT COMPREHENSION,2023-06-21 22:24:18.963000,2023-06-21 22:24:29.976000,123.525,134.538,11.013,1,104_simple
IDLE,2023-06-21 22:24:29.976000,2023-06-21 22:24:31.976000,134.538,136.538,2.0,2,66_simple
TASK COMPREHENSION,2023-06-21 22:24:31.976000,2023-06-21 22:24:57.477000,136.538,162.039,25.501,2,66_simple
CODE EDITING,2023-06-21 22:24:57.477000,2023-06-21 22:27:43,162.039,327.562,165.523,2,66_simple
COMPILING,2023-06-21 22:27:43,2023-06-21 22:27:47.244000,327.562,331.806,4.244,2,66_simple
OUTPUT COMPREHENSION,2023-06-21 22:27:47.244000,2023-06-21 22:28:03.258000,331.806,347.82,16.014,2,66_simple
TASK COMPREHENSION,2023-06-21 22:28:03.258000,2023-06-21 22:28:05.267000,347.82,349.829,2.009,3,136_complex
FAULT LOCALIZATION,2023-06-21 22:28:05.267000,2023-06-21 22:28:56.638000,349.829,401.2,51.371,3,136_complex
CODE EDITING,2023-06-21 22:28:56.638000,2023-06-21 22:29:25,401.2,429.562,28.362,3,136_complex
COMPILING,2023-06-21 22:29:25,2023-06-21 22:29:29.359000,429.562,433.921,4.359,3,136_complex
OUTPUT COMPREHENSION,2023-06-21 22:29:29.359000,2023-06-21 22:29:32,433.921,436.562,2.641,3,136_complex
COMPILING,2023-06-21 22:29:32,2023-06-21 22:29:34.376000,436.562,438.938,2.376,3,136_complex
OUTPUT COMPREHENSION,2023-06-21 22:29:34.376000,2023-06-21 22:29:45.386000,438.938,449.948,11.01,3,136_complex
TASK COMPREHENSION,2023-06-21 22:29:45.386000,2023-06-21 22:29:48.396000,449.948,452.958,3.01,4,203_complex
FAULT LOCALIZATION,2023-06-21 22:29:48.396000,2023-06-21 22:31:27.394000,452.958,551.956,98.998,4,203_complex
CODE EDITING,2023-06-21 22:31:27.394000,2023-06-21 22:31:57,551.956,581.562,29.606,4,203_complex
COMPILING,2023-06-21 22:31:57,2023-06-21 22:32:01.614000,581.562,586.176,4.614,4,203_complex
OUTPUT COMPREHENSION,2023-06-21 22:32:01.614000,2023-06-21 22:32:10.631000,586.176,595.193,9.017,4,203_complex
TASK COMPREHENSION,2023-06-21 22:32:10.631000,2023-06-21 22:32:12.644000,595.193,597.206,2.013,5,144_complex
FAULT LOCALIZATION,2023-06-21 22:32:12.644000,2023-06-21 22:32:36.176000,597.206,620.738,23.532,5,144_complex
CODE EDITING,2023-06-21 22:32:36.176000,2023-06-21 22:32:53,620.738,637.562,16.824,5,144_complex
COMPILING,2023-06-21 22:32:53,2023-06-21 22:32:56.745000,637.562,641.307,3.745,5,144_complex
OUTPUT COMPREHENSION,2023-06-21 22:32:56.745000,2023-06-21 22:33:05.758000,641.307,650.32,9.013,5,144_complex
TASK COMPREHENSION,2023-06-21 22:33:05.758000,2023-06-21 22:33:07.769000,650.32,652.331,2.011,6,112_simple
FAULT LOCALIZATION,2023-06-21 22:33:07.769000,2023-06-21 22:33:20.489000,652.331,665.051,12.72,6,112_simple
CODE EDITING,2023-06-21 22:33:20.489000,2023-06-21 22:36:53,665.051,877.562,212.511,6,112_simple
COMPILING,2023-06-21 22:36:53,2023-06-21 22:36:57.123000,877.562,881.685,4.123,6,112_simple
OUTPUT COMPREHENSION,2023-06-21 22:36:57.123000,2023-06-21 22:37:07.132000,881.685,891.694,10.009,6,112_simple
TASK COMPREHENSION,2023-06-21 22:37:07.132000,2023-06-21 22:37:09.139000,891.694,893.701,2.007,7,169_simple
FAULT LOCALIZATION,2023-06-21 22:37:09.139000,2023-06-21 22:38:04.493000,893.701,949.055,55.354,7,169_simple
CODE EDITING,2023-06-21 22:38:04.493000,2023-06-21 22:41:06,949.055,1130.562,181.507,7,169_simple
COMPILING,2023-06-21 22:41:06,2023-06-21 22:41:10.486000,1130.562,1135.048,4.486,7,169_simple
OUTPUT COMPREHENSION,2023-06-21 22:41:10.486000,2023-06-21 22:41:29.642000,1135.048,1154.204,19.156,7,169_simple
CODE EDITING,2023-06-21 22:41:29.642000,2023-06-21 22:43:01,1154.204,1245.562,91.358,7,169_simple
COMPILING,2023-06-21 22:43:01,2023-06-21 22:43:04.655000,1245.562,1249.217,3.655,7,169_simple
OUTPUT COMPREHENSION,2023-06-21 22:43:04.655000,2023-06-21 22:43:13.668000,1249.217,1258.23,9.013,7,169_simple
TASK COMPREHENSION,2023-06-21 22:43:13.668000,2023-06-21 22:43:14.690000,1258.23,1259.252,1.022,8,118_nonword
FAULT LOCALIZATION,2023-06-21 22:43:14.690000,2023-06-21 22:45:08.607000,1259.252,1373.169,113.917,8,118_nonword
CODE EDITING,2023-06-21 22:45:08.607000,2023-06-21 22:48:06,1373.169,1550.562,177.393,8,118_nonword
COMPILING,2023-06-21 22:48:06,2023-06-21 22:48:09.129000,1550.562,1553.691,3.129,8,118_nonword
OUTPUT COMPREHENSION,2023-06-21 22:48:09.129000,2023-06-21 22:48:32.388000,1553.691,1576.95,23.259,8,118_nonword
CODE EDITING,2023-06-21 22:48:32.388000,2023-06-21 22:48:34,1576.95,1578.562,1.612,8,118_nonword
COMPILING,2023-06-21 22:48:34,2023-06-21 22:48:38.162000,1578.562,1582.724,4.162,8,118_nonword
OUTPUT COMPREHENSION,2023-06-21 22:48:38.162000,2023-06-21 22:48:45.173000,1582.724,1589.735,7.011,8,118_nonword
TASK COMPREHENSION,2023-06-21 22:48:45.173000,2023-06-21 22:48:46.181000,1589.735,1590.743,1.008,9,35_original
FAULT LOCALIZATION,2023-06-21 22:48:46.181000,2023-06-21 22:49:17.151000,1590.743,1621.713,30.97,9,35_original
CODE EDITING,2023-06-21 22:49:17.151000,2023-06-21 22:49:33,1621.713,1637.562,15.849,9,35_original
COMPILING,2023-06-21 22:49:33,2023-06-21 22:49:37.253000,1637.562,1641.815,4.253,9,35_original
OUTPUT COMPREHENSION,2023-06-21 22:49:37.253000,2023-06-21 22:49:45.260000,1641.815,1649.822,8.007,9,35_original
TASK COMPREHENSION,2023-06-21 22:49:45.260000,2023-06-21 22:49:46.270000,1649.822,1650.832,1.01,10,1_nonword
FAULT LOCALIZATION,2023-06-21 22:49:46.270000,2023-06-21 22:50:40.611000,1650.832,1705.173,54.341,10,1_nonword
CODE EDITING,2023-06-21 22:50:40.611000,2023-06-21 22:51:14,1705.173,1738.562,33.389,10,1_nonword
COMPILING,2023-06-21 22:51:14,2023-06-21 22:51:16.416000,1738.562,1740.978,2.416,10,1_nonword
OUTPUT COMPREHENSION,2023-06-21 22:51:16.416000,2023-06-21 22:51:29,1740.978,1753.562,12.584,10,1_nonword
COMPILING,2023-06-21 22:51:29,2023-06-21 22:51:32.443000,1753.562,1757.005,3.443,10,1_nonword
OUTPUT COMPREHENSION,2023-06-21 22:51:32.443000,2023-06-21 22:51:39.455000,1757.005,1764.017,7.012,10,1_nonword
TASK COMPREHENSION,2023-06-21 22:51:39.455000,2023-06-21 22:51:40.463000,1764.017,1765.025,1.008,11,108_original
FAULT LOCALIZATION,2023-06-21 22:51:40.463000,2023-06-21 22:52:05.423000,1765.025,1789.985,24.96,11,108_original
CODE EDITING,2023-06-21 22:52:05.423000,2023-06-21 22:52:29,1789.985,1813.562,23.577,11,108_original
COMPILING,2023-06-21 22:52:29,2023-06-21 22:52:33.553000,1813.562,1818.115,4.553,11,108_original
OUTPUT COMPREHENSION,2023-06-21 22:52:33.553000,2023-06-21 22:52:52.414000,1818.115,1836.976,18.861,11,108_original
CODE EDITING,2023-06-21 22:52:52.414000,2023-06-21 22:53:02,1836.976,1846.562,9.586,11,108_original
COMPILING,2023-06-21 22:53:02,2023-06-21 22:53:06.623000,1846.562,1851.185,4.623,11,108_original
OUTPUT COMPREHENSION,2023-06-21 22:53:06.623000,2023-06-21 22:53:14.632000,1851.185,1859.194,8.009,11,108_original
TASK COMPREHENSION,2023-06-21 22:53:14.632000,2023-06-21 22:53:16.636000,1859.194,1861.198,2.004,12,13_nonword
FAULT LOCALIZATION,2023-06-21 22:53:16.636000,2023-06-21 22:54:08.815000,1861.198,1913.377,52.179,12,13_nonword
CODE EDITING,2023-06-21 22:54:08.815000,2023-06-21 22:54:34,1913.377,1938.562,25.185,12,13_nonword
COMPILING,2023-06-21 22:54:34,2023-06-21 22:54:36.747000,1938.562,1941.309,2.747,12,13_nonword
OUTPUT COMPREHENSION,2023-06-21 22:54:36.747000,2023-06-21 22:56:04.457000,1941.309,2029.019,87.71,12,13_nonword
CODE EDITING,2023-06-21 22:56:04.457000,2023-06-21 22:56:09,2029.019,2033.562,4.543,12,13_nonword
COMPILING,2023-06-21 22:56:09,2023-06-21 22:56:11.910000,2033.562,2036.472,2.91,12,13_nonword
OUTPUT COMPREHENSION,2023-06-21 22:56:11.910000,2023-06-21 22:56:24.950000,2036.472,2049.512,13.04,12,13_nonword
CODE EDITING,2023-06-21 22:56:24.950000,2023-06-21 22:58:00,2049.512,2144.562,95.05,12,13_nonword
COMPILING,2023-06-21 22:58:00,2023-06-21 22:58:05.073000,2144.562,2149.635,5.073,12,13_nonword
OUTPUT COMPREHENSION,2023-06-21 22:58:05.073000,2023-06-21 22:59:28.408000,2149.635,2232.97,83.335,12,13_nonword
CODE EDITING,2023-06-21 22:59:28.408000,2023-06-21 22:59:45,2232.97,2249.562,16.592,12,13_nonword
COMPILING,2023-06-21 22:59:45,2023-06-21 22:59:48.215000,2249.562,2252.777,3.215,12,13_nonword
OUTPUT COMPREHENSION,2023-06-21 22:59:48.215000,2023-06-21 23:00:26.266000,2252.777,2290.828,38.051,12,13_nonword
TASK COMPREHENSION,2023-06-21 23:00:26.266000,2023-06-21 23:04:43.698000,2290.828,2548.26,257.432,13,121_original
