State,Start Timestamp,End Timestamp,Begin Time,End Time,Duration,problemNum,programType
START,2023-06-12 18:44:47.230000,2023-06-12 18:44:56.980000,0.0,9.75,9.75,0,0
TASK COMPREHENSION,2023-06-12 18:44:56.980000,2023-06-12 18:45:28.009000,9.75,40.779,31.029,1,13_nonword
FAULT LOCALIZATION,2023-06-12 18:45:28.009000,2023-06-12 18:47:28.482000,40.779,161.252,120.473,1,13_nonword
CODE EDITING,2023-06-12 18:47:28.482000,2023-06-12 18:47:39,161.252,171.77,10.518,1,13_nonword
COMPILING,2023-06-12 18:47:39,2023-06-12 18:47:42.218000,171.77,174.988,3.218,1,13_nonword
OUTPUT COMPREHENSION,2023-06-12 18:47:42.218000,2023-06-12 18:49:37.954000,174.988,290.724,115.736,1,13_nonword
CODE EDITING,2023-06-12 18:49:37.954000,2023-06-12 18:49:46,290.724,298.77,8.046,1,13_nonword
COMPILING,2023-06-12 18:49:46,2023-06-12 18:49:49.352000,298.77,302.122,3.352,1,13_nonword
OUTPUT COMPREHENSION,2023-06-12 18:49:49.352000,2023-06-12 18:49:55.356000,302.122,308.126,6.004,1,13_nonword
CODE EDITING,2023-06-12 18:49:55.356000,2023-06-12 18:49:57,308.126,309.77,1.644,1,13_nonword
COMPILING,2023-06-12 18:49:57,2023-06-12 18:50:01.388000,309.77,314.158,4.388,1,13_nonword
OUTPUT COMPREHENSION,2023-06-12 18:50:01.388000,2023-06-12 18:50:18.389000,314.158,331.159,17.001,1,13_nonword
CODE EDITING,2023-06-12 18:50:18.389000,2023-06-12 18:50:27,331.159,339.77,8.611,1,13_nonword
COMPILING,2023-06-12 18:50:27,2023-06-12 18:50:30.418000,339.77,343.188,3.418,1,13_nonword
OUTPUT COMPREHENSION,2023-06-12 18:50:30.418000,2023-06-12 18:50:48.786000,343.188,361.556,18.368,1,13_nonword
CODE EDITING,2023-06-12 18:50:48.786000,2023-06-12 18:50:53,361.556,365.77,4.214,1,13_nonword
COMPILING,2023-06-12 18:50:53,2023-06-12 18:50:56.469000,365.77,369.239,3.469,1,13_nonword
OUTPUT COMPREHENSION,2023-06-12 18:50:56.469000,2023-06-12 18:51:09.493000,369.239,382.263,13.024,1,13_nonword
IDLE,2023-06-12 18:51:09.493000,2023-06-12 18:51:10.495000,382.263,383.265,1.002,2,1_nonword
TASK COMPREHENSION,2023-06-12 18:51:10.495000,2023-06-12 18:52:24.013000,383.265,456.783,73.518,2,1_nonword
CODE EDITING,2023-06-12 18:52:24.013000,2023-06-12 18:55:11,456.783,623.77,166.987,2,1_nonword
COMPILING,2023-06-12 18:55:11,2023-06-12 18:55:14.888000,623.77,627.658,3.888,2,1_nonword
OUTPUT COMPREHENSION,2023-06-12 18:55:14.888000,2023-06-12 18:55:40.310000,627.658,653.08,25.422,2,1_nonword
CODE EDITING,2023-06-12 18:55:40.310000,2023-06-12 18:56:18,653.08,690.77,37.69,2,1_nonword
COMPILING,2023-06-12 18:56:18,2023-06-12 18:56:22.011000,690.77,694.781,4.011,2,1_nonword
OUTPUT COMPREHENSION,2023-06-12 18:56:22.011000,2023-06-12 18:56:35.024000,694.781,707.794,13.013,2,1_nonword
TASK COMPREHENSION,2023-06-12 18:56:35.024000,2023-06-12 18:56:36.027000,707.794,708.797,1.003,3,35_nonword
FAULT LOCALIZATION,2023-06-12 18:56:36.027000,2023-06-12 18:57:48.061000,708.797,780.831,72.034,3,35_nonword
CODE EDITING,2023-06-12 18:57:48.061000,2023-06-12 18:58:18,780.831,810.77,29.939,3,35_nonword
COMPILING,2023-06-12 18:58:18,2023-06-12 18:58:22.188000,810.77,814.958,4.188,3,35_nonword
OUTPUT COMPREHENSION,2023-06-12 18:58:22.188000,2023-06-12 18:58:53.690000,814.958,846.46,31.502,3,35_nonword
CODE EDITING,2023-06-12 18:58:53.690000,2023-06-12 18:58:58,846.46,850.77,4.31,3,35_nonword
COMPILING,2023-06-12 18:58:58,2023-06-12 18:59:02.254000,850.77,855.024,4.254,3,35_nonword
OUTPUT COMPREHENSION,2023-06-12 18:59:02.254000,2023-06-12 18:59:09.258000,855.024,862.028,7.004,3,35_nonword
TASK COMPREHENSION,2023-06-12 18:59:09.258000,2023-06-12 18:59:10.258000,862.028,863.028,1.0,4,144_nonword
FAULT LOCALIZATION,2023-06-12 18:59:10.258000,2023-06-12 19:00:46.321000,863.028,959.091,96.063,4,144_nonword
CODE EDITING,2023-06-12 19:00:46.321000,2023-06-12 19:00:58,959.091,970.77,11.679,4,144_nonword
COMPILING,2023-06-12 19:00:58,2023-06-12 19:01:01.410000,970.77,974.18,3.41,4,144_nonword
OUTPUT COMPREHENSION,2023-06-12 19:01:01.410000,2023-06-12 19:01:08.419000,974.18,981.189,7.009,4,144_nonword
TASK COMPREHENSION,2023-06-12 19:01:08.419000,2023-06-12 19:01:09.426000,981.189,982.196,1.007,5,118_complex
FAULT LOCALIZATION,2023-06-12 19:01:09.426000,2023-06-12 19:02:44.346000,982.196,1077.116,94.92,5,118_complex
CODE EDITING,2023-06-12 19:02:44.346000,2023-06-12 19:04:50,1077.116,1202.77,125.654,5,118_complex
COMPILING,2023-06-12 19:04:50,2023-06-12 19:04:53.806000,1202.77,1206.576,3.806,5,118_complex
OUTPUT COMPREHENSION,2023-06-12 19:04:53.806000,2023-06-12 19:06:04.447000,1206.576,1277.217,70.641,5,118_complex
CODE EDITING,2023-06-12 19:06:04.447000,2023-06-12 19:06:16,1277.217,1288.77,11.553,5,118_complex
COMPILING,2023-06-12 19:06:16,2023-06-12 19:06:18.962000,1288.77,1291.732,2.962,5,118_complex
OUTPUT COMPREHENSION,2023-06-12 19:06:18.962000,2023-06-12 19:08:32.096000,1291.732,1424.866,133.134,5,118_complex
CODE EDITING,2023-06-12 19:08:32.096000,2023-06-12 19:09:04,1424.866,1456.77,31.904,5,118_complex
COMPILING,2023-06-12 19:09:04,2023-06-12 19:09:06.220000,1456.77,1458.99,2.22,5,118_complex
OUTPUT COMPREHENSION,2023-06-12 19:09:06.220000,2023-06-12 19:09:17.258000,1458.99,1470.028,11.038,5,118_complex
TASK COMPREHENSION,2023-06-12 19:09:17.258000,2023-06-12 19:09:18.261000,1470.028,1471.031,1.003,6,66_simple
FAULT LOCALIZATION,2023-06-12 19:09:18.261000,2023-06-12 19:11:02.457000,1471.031,1575.227,104.196,6,66_simple
CODE EDITING,2023-06-12 19:11:02.457000,2023-06-12 19:13:36,1575.227,1728.77,153.543,6,66_simple
COMPILING,2023-06-12 19:13:36,2023-06-12 19:13:38.612000,1728.77,1731.382,2.612,6,66_simple
OUTPUT COMPREHENSION,2023-06-12 19:13:38.612000,2023-06-12 19:13:48.571000,1731.382,1741.341,9.959,6,66_simple
CODE EDITING,2023-06-12 19:13:48.571000,2023-06-12 19:14:11,1741.341,1763.77,22.429,6,66_simple
COMPILING,2023-06-12 19:14:11,2023-06-12 19:14:18.658000,1763.77,1771.428,7.658,6,66_simple
OUTPUT COMPREHENSION,2023-06-12 19:14:18.658000,2023-06-12 19:14:22.509000,1771.428,1775.279,3.851,6,66_simple
CODE EDITING,2023-06-12 19:14:22.509000,2023-06-12 19:16:32,1775.279,1904.77,129.491,6,66_simple
COMPILING,2023-06-12 19:16:32,2023-06-12 19:16:36.867000,1904.77,1909.637,4.867,6,66_simple
OUTPUT COMPREHENSION,2023-06-12 19:16:36.867000,2023-06-12 19:16:44.872000,1909.637,1917.642,8.005,6,66_simple
TASK COMPREHENSION,2023-06-12 19:16:44.872000,2023-06-12 19:16:45.873000,1917.642,1918.643,1.001,7,108_simple
FAULT LOCALIZATION,2023-06-12 19:16:45.873000,2023-06-12 19:17:53.505000,1918.643,1986.275,67.632,7,108_simple
CODE EDITING,2023-06-12 19:17:53.505000,2023-06-12 19:18:44,1986.275,2036.77,50.495,7,108_simple
COMPILING,2023-06-12 19:18:44,2023-06-12 19:18:47.032000,2036.77,2039.802,3.032,7,108_simple
OUTPUT COMPREHENSION,2023-06-12 19:18:47.032000,2023-06-12 19:19:10.104000,2039.802,2062.874,23.072,7,108_simple
CODE EDITING,2023-06-12 19:19:10.104000,2023-06-12 19:19:26,2062.874,2078.77,15.896,7,108_simple
COMPILING,2023-06-12 19:19:26,2023-06-12 19:19:29.090000,2078.77,2081.86,3.09,7,108_simple
OUTPUT COMPREHENSION,2023-06-12 19:19:29.090000,2023-06-12 19:21:00.205000,2081.86,2172.975,91.115,7,108_simple
TASK COMPREHENSION,2023-06-12 19:21:00.205000,2023-06-12 19:21:01.209000,2172.975,2173.979,1.004,8,136_complex
FAULT LOCALIZATION,2023-06-12 19:21:01.209000,2023-06-12 19:21:37.334000,2173.979,2210.104,36.125,8,136_complex
CODE EDITING,2023-06-12 19:21:37.334000,2023-06-12 19:21:57,2210.104,2229.77,19.666,8,136_complex
COMPILING,2023-06-12 19:21:57,2023-06-12 19:22:03.297000,2229.77,2236.067,6.297,8,136_complex
OUTPUT COMPREHENSION,2023-06-12 19:22:03.297000,2023-06-12 19:22:53.351000,2236.067,2286.121,50.054,8,136_complex
CODE EDITING,2023-06-12 19:22:53.351000,2023-06-12 19:22:57,2286.121,2289.77,3.649,8,136_complex
COMPILING,2023-06-12 19:22:57,2023-06-12 19:22:59.398000,2289.77,2292.168,2.398,8,136_complex
OUTPUT COMPREHENSION,2023-06-12 19:22:59.398000,2023-06-12 19:23:02.399000,2292.168,2295.169,3.001,8,136_complex
TASK COMPREHENSION,2023-06-12 19:23:02.399000,2023-06-12 19:23:03.408000,2295.169,2296.178,1.009,9,203_complex
FAULT LOCALIZATION,2023-06-12 19:23:03.408000,2023-06-12 19:24:48.301000,2296.178,2401.071,104.893,9,203_complex
CODE EDITING,2023-06-12 19:24:48.301000,2023-06-12 19:25:03,2401.071,2415.77,14.699,9,203_complex
COMPILING,2023-06-12 19:25:03,2023-06-12 19:25:09.544000,2415.77,2422.314,6.544,9,203_complex
OUTPUT COMPREHENSION,2023-06-12 19:25:09.544000,2023-06-12 19:25:16.559000,2422.314,2429.329,7.015,9,203_complex
TASK COMPREHENSION,2023-06-12 19:25:16.559000,2023-06-12 19:25:17.567000,2429.329,2430.337,1.008,10,121_simple
FAULT LOCALIZATION,2023-06-12 19:25:17.567000,2023-06-12 19:26:51.098000,2430.337,2523.868,93.531,10,121_simple
CODE EDITING,2023-06-12 19:26:51.098000,2023-06-12 19:28:28,2523.868,2620.77,96.902,10,121_simple
COMPILING,2023-06-12 19:28:28,2023-06-12 19:28:30.778000,2620.77,2623.548,2.778,10,121_simple
OUTPUT COMPREHENSION,2023-06-12 19:28:30.778000,2023-06-12 19:28:34.784000,2623.548,2627.554,4.006,10,121_simple
TASK COMPREHENSION,2023-06-12 19:28:34.784000,2023-06-12 19:28:35.787000,2627.554,2628.557,1.003,9,203_complex
FAULT LOCALIZATION,2023-06-12 19:28:35.787000,2023-06-12 19:28:35.787000,2628.557,2628.557,0.0,9,203_complex
