State,Start Timestamp,End Timestamp,Begin Time,End Time,Duration,problemNum,programType
START,2023-11-02 13:22:31.329000,2023-11-02 13:22:39.905000,0.0,8.576,8.576,0,0
TASK COMPREHENSION,2023-11-02 13:22:39.905000,2023-11-02 13:23:04.936000,8.576,33.607,25.031,1,35_complex
FAULT LOCALIZATION,2023-11-02 13:23:04.936000,2023-11-02 13:23:35.453000,33.607,64.124,30.517,1,35_complex
CODE EDITING,2023-11-02 13:23:35.453000,2023-11-02 13:23:53,64.124,81.671,17.547,1,35_complex
COMPILING,2023-11-02 13:23:53,2023-11-02 13:23:56.058000,81.671,84.729,3.058,1,35_complex
OUTPUT COMPREHENSION,2023-11-02 13:23:56.058000,2023-11-02 13:24:11.837000,84.729,100.508,15.779,1,35_complex
CODE EDITING,2023-11-02 13:24:11.837000,2023-11-02 13:24:21,100.508,109.671,9.163,1,35_complex
COMPILING,2023-11-02 13:24:21,2023-11-02 13:24:23.135000,109.671,111.806,2.135,1,35_complex
OUTPUT COMPREHENSION,2023-11-02 13:24:23.135000,2023-11-02 13:24:23.670000,111.806,112.341,0.535,1,35_complex
CODE EDITING,2023-11-02 13:24:23.670000,2023-11-02 13:25:21,112.341,169.671,57.33,1,35_complex
COMPILING,2023-11-02 13:25:21,2023-11-02 13:25:25.229000,169.671,173.9,4.229,1,35_complex
OUTPUT COMPREHENSION,2023-11-02 13:25:25.229000,2023-11-02 13:26:21.155000,173.9,229.826,55.926,1,35_complex
CODE EDITING,2023-11-02 13:26:21.155000,2023-11-02 13:26:30,229.826,238.671,8.845,1,35_complex
COMPILING,2023-11-02 13:26:30,2023-11-02 13:26:33.346000,238.671,242.017,3.346,1,35_complex
OUTPUT COMPREHENSION,2023-11-02 13:26:33.346000,2023-11-02 13:27:10.779000,242.017,279.45,37.433,1,35_complex
CODE EDITING,2023-11-02 13:27:10.779000,2023-11-02 13:27:25,279.45,293.671,14.221,1,35_complex
COMPILING,2023-11-02 13:27:25,2023-11-02 13:27:28.434000,293.671,297.105,3.434,1,35_complex
OUTPUT COMPREHENSION,2023-11-02 13:27:28.434000,2023-11-02 13:27:34.835000,297.105,303.506,6.401,1,35_complex
CODE EDITING,2023-11-02 13:27:34.835000,2023-11-02 13:27:49,303.506,317.671,14.165,1,35_complex
COMPILING,2023-11-02 13:27:49,2023-11-02 13:27:52.510000,317.671,321.181,3.51,1,35_complex
OUTPUT COMPREHENSION,2023-11-02 13:27:52.510000,2023-11-02 13:28:04.103000,321.181,332.774,11.593,1,35_complex
CODE EDITING,2023-11-02 13:28:04.103000,2023-11-02 13:28:19,332.774,347.671,14.897,1,35_complex
COMPILING,2023-11-02 13:28:19,2023-11-02 13:28:22.585000,347.671,351.256,3.585,1,35_complex
OUTPUT COMPREHENSION,2023-11-02 13:28:22.585000,2023-11-02 13:28:35.137000,351.256,363.808,12.552,1,35_complex
CODE EDITING,2023-11-02 13:28:35.137000,2023-11-02 13:28:43,363.808,371.671,7.863,1,35_complex
COMPILING,2023-11-02 13:28:43,2023-11-02 13:28:45.616000,371.671,374.287,2.616,1,35_complex
OUTPUT COMPREHENSION,2023-11-02 13:28:45.616000,2023-11-02 13:28:54.653000,374.287,383.324,9.037,1,35_complex
TASK COMPREHENSION,2023-11-02 13:28:54.653000,2023-11-02 13:29:28.688000,383.324,417.359,34.035,2,136_nonword
FAULT LOCALIZATION,2023-11-02 13:29:28.688000,2023-11-02 13:30:03.763000,417.359,452.434,35.075,2,136_nonword
CODE EDITING,2023-11-02 13:30:03.763000,2023-11-02 13:32:32,452.434,600.671,148.237,2,136_nonword
COMPILING,2023-11-02 13:32:32,2023-11-02 13:32:34.947000,600.671,603.618,2.947,2,136_nonword
OUTPUT COMPREHENSION,2023-11-02 13:32:34.947000,2023-11-02 13:32:47.764000,603.618,616.435,12.817,2,136_nonword
CODE EDITING,2023-11-02 13:32:47.764000,2023-11-02 13:33:20,616.435,648.671,32.236,2,136_nonword
COMPILING,2023-11-02 13:33:20,2023-11-02 13:33:22.022000,648.671,650.693,2.022,2,136_nonword
OUTPUT COMPREHENSION,2023-11-02 13:33:22.022000,2023-11-02 13:33:59.460000,650.693,688.131,37.438,2,136_nonword
CODE EDITING,2023-11-02 13:33:59.460000,2023-11-02 13:37:55,688.131,923.671,235.54,2,136_nonword
COMPILING,2023-11-02 13:37:55,2023-11-02 13:37:57.482000,923.671,926.153,2.482,2,136_nonword
OUTPUT COMPREHENSION,2023-11-02 13:37:57.482000,2023-11-02 13:38:10.790000,926.153,939.461,13.308,2,136_nonword
CODE EDITING,2023-11-02 13:38:10.790000,2023-11-02 13:39:14.599000,939.461,1003.27,63.809,2,136_nonword
TASK COMPREHENSION,2023-11-02 13:39:14.599000,2023-11-02 13:39:34.651000,1003.27,1023.322,20.052,3,169_original
FAULT LOCALIZATION,2023-11-02 13:39:34.651000,2023-11-02 13:39:54.832000,1023.322,1043.503,20.181,3,169_original
CODE EDITING,2023-11-02 13:39:54.832000,2023-11-02 13:40:23,1043.503,1071.671,28.168,3,169_original
COMPILING,2023-11-02 13:40:23,2023-11-02 13:40:25.797000,1071.671,1074.468,2.797,3,169_original
OUTPUT COMPREHENSION,2023-11-02 13:40:25.797000,2023-11-02 13:40:35.816000,1074.468,1084.487,10.019,3,169_original
IDLE,2023-11-02 13:40:35.816000,2023-11-02 13:40:37.818000,1084.487,1086.489,2.002,4,13_simple
TASK COMPREHENSION,2023-11-02 13:40:37.818000,2023-11-02 13:41:13.887000,1086.489,1122.558,36.069,4,13_simple
FAULT LOCALIZATION,2023-11-02 13:41:13.887000,2023-11-02 13:42:49.014000,1122.558,1217.685,95.127,4,13_simple
CODE EDITING,2023-11-02 13:42:49.014000,2023-11-02 13:43:01,1217.685,1229.671,11.986,4,13_simple
COMPILING,2023-11-02 13:43:01,2023-11-02 13:43:04.038000,1229.671,1232.709,3.038,4,13_simple
OUTPUT COMPREHENSION,2023-11-02 13:43:04.038000,2023-11-02 13:43:15,1232.709,1243.671,10.962,4,13_simple
COMPILING,2023-11-02 13:43:15,2023-11-02 13:43:19.083000,1243.671,1247.754,4.083,4,13_simple
OUTPUT COMPREHENSION,2023-11-02 13:43:19.083000,2023-11-02 13:43:35.111000,1247.754,1263.782,16.028,4,13_simple
CODE EDITING,2023-11-02 13:43:35.111000,2023-11-02 13:43:46,1263.782,1274.671,10.889,4,13_simple
COMPILING,2023-11-02 13:43:46,2023-11-02 13:43:48.148000,1274.671,1276.819,2.148,4,13_simple
OUTPUT COMPREHENSION,2023-11-02 13:43:48.148000,2023-11-02 13:43:57.876000,1276.819,1286.547,9.728,4,13_simple
CODE EDITING,2023-11-02 13:43:57.876000,2023-11-02 13:44:05,1286.547,1293.671,7.124,4,13_simple
COMPILING,2023-11-02 13:44:05,2023-11-02 13:44:07.210000,1293.671,1295.881,2.21,4,13_simple
OUTPUT COMPREHENSION,2023-11-02 13:44:07.210000,2023-11-02 13:44:26.398000,1295.881,1315.069,19.188,4,13_simple
CODE EDITING,2023-11-02 13:44:26.398000,2023-11-02 13:44:31,1315.069,1319.671,4.602,4,13_simple
COMPILING,2023-11-02 13:44:31,2023-11-02 13:44:34.253000,1319.671,1322.924,3.253,4,13_simple
OUTPUT COMPREHENSION,2023-11-02 13:44:34.253000,2023-11-02 13:45:36.261000,1322.924,1384.932,62.008,4,13_simple
CODE EDITING,2023-11-02 13:45:36.261000,2023-11-02 13:48:48,1384.932,1576.671,191.739,4,13_simple
COMPILING,2023-11-02 13:48:48,2023-11-02 13:48:51.628000,1576.671,1580.299,3.628,4,13_simple
OUTPUT COMPREHENSION,2023-11-02 13:48:51.628000,2023-11-02 13:48:58.477000,1580.299,1587.148,6.849,4,13_simple
CODE EDITING,2023-11-02 13:48:58.477000,2023-11-02 13:49:10,1587.148,1598.671,11.523,4,13_simple
COMPILING,2023-11-02 13:49:10,2023-11-02 13:49:14.708000,1598.671,1603.379,4.708,4,13_simple
OUTPUT COMPREHENSION,2023-11-02 13:49:14.708000,2023-11-02 13:49:29.100000,1603.379,1617.771,14.392,4,13_simple
CODE EDITING,2023-11-02 13:49:29.100000,2023-11-02 13:49:38,1617.771,1626.671,8.9,4,13_simple
COMPILING,2023-11-02 13:49:38,2023-11-02 13:49:40.773000,1626.671,1629.444,2.773,4,13_simple
OUTPUT COMPREHENSION,2023-11-02 13:49:40.773000,2023-11-02 13:50:32.751000,1629.444,1681.422,51.978,4,13_simple
CODE EDITING,2023-11-02 13:50:32.751000,2023-11-02 13:50:35,1681.422,1683.671,2.249,4,13_simple
COMPILING,2023-11-02 13:50:35,2023-11-02 13:50:36.838000,1683.671,1685.509,1.838,4,13_simple
OUTPUT COMPREHENSION,2023-11-02 13:50:36.838000,2023-11-02 13:50:44.854000,1685.509,1693.525,8.016,4,13_simple
IDLE,2023-11-02 13:50:44.854000,2023-11-02 13:50:45.854000,1693.525,1694.525,1.0,5,104_nonword
TASK COMPREHENSION,2023-11-02 13:50:45.854000,2023-11-02 13:51:37.949000,1694.525,1746.62,52.095,5,104_nonword
FAULT LOCALIZATION,2023-11-02 13:51:37.949000,2023-11-02 13:51:46.054000,1746.62,1754.725,8.105,5,104_nonword
CODE EDITING,2023-11-02 13:51:46.054000,2023-11-02 13:52:52,1754.725,1820.671,65.946,5,104_nonword
COMPILING,2023-11-02 13:52:52,2023-11-02 13:52:54.063000,1820.671,1822.734,2.063,5,104_nonword
OUTPUT COMPREHENSION,2023-11-02 13:52:54.063000,2023-11-02 13:54:20.604000,1822.734,1909.275,86.541,5,104_nonword
CODE EDITING,2023-11-02 13:54:20.604000,2023-11-02 13:56:31,1909.275,2039.671,130.396,5,104_nonword
COMPILING,2023-11-02 13:56:31,2023-11-02 13:56:33.457000,2039.671,2042.128,2.457,5,104_nonword
OUTPUT COMPREHENSION,2023-11-02 13:56:33.457000,2023-11-02 13:56:45.476000,2042.128,2054.147,12.019,5,104_nonword
TASK COMPREHENSION,2023-11-02 13:56:45.476000,2023-11-02 13:56:48.506000,2054.147,2057.177,3.03,6,108_complex
FAULT LOCALIZATION,2023-11-02 13:56:48.506000,2023-11-02 13:58:59.277000,2057.177,2187.948,130.771,6,108_complex
CODE EDITING,2023-11-02 13:58:59.277000,2023-11-02 13:59:15,2187.948,2203.671,15.723,6,108_complex
COMPILING,2023-11-02 13:59:15,2023-11-02 13:59:17.745000,2203.671,2206.416,2.745,6,108_complex
OUTPUT COMPREHENSION,2023-11-02 13:59:17.745000,2023-11-02 13:59:47.280000,2206.416,2235.951,29.535,6,108_complex
CODE EDITING,2023-11-02 13:59:47.280000,2023-11-02 13:59:49,2235.951,2237.671,1.72,6,108_complex
COMPILING,2023-11-02 13:59:49,2023-11-02 13:59:52.815000,2237.671,2241.486,3.815,6,108_complex
OUTPUT COMPREHENSION,2023-11-02 13:59:52.815000,2023-11-02 14:00:41.367000,2241.486,2290.038,48.552,6,108_complex
CODE EDITING,2023-11-02 14:00:41.367000,2023-11-02 14:00:52,2290.038,2300.671,10.633,6,108_complex
COMPILING,2023-11-02 14:00:52,2023-11-02 14:00:53.910000,2300.671,2302.581,1.91,6,108_complex
OUTPUT COMPREHENSION,2023-11-02 14:00:53.910000,2023-11-02 14:01:04.929000,2302.581,2313.6,11.019,6,108_complex
TASK COMPREHENSION,2023-11-02 14:01:04.929000,2023-11-02 14:01:12.940000,2313.6,2321.611,8.011,7,144_complex
FAULT LOCALIZATION,2023-11-02 14:01:12.940000,2023-11-02 14:01:54.574000,2321.611,2363.245,41.634,7,144_complex
CODE EDITING,2023-11-02 14:01:54.574000,2023-11-02 14:02:05,2363.245,2373.671,10.426,7,144_complex
COMPILING,2023-11-02 14:02:05,2023-11-02 14:02:08.065000,2373.671,2376.736,3.065,7,144_complex
OUTPUT COMPREHENSION,2023-11-02 14:02:08.065000,2023-11-02 14:02:12,2376.736,2380.671,3.935,7,144_complex
COMPILING,2023-11-02 14:02:12,2023-11-02 14:02:15.077000,2380.671,2383.748,3.077,7,144_complex
OUTPUT COMPREHENSION,2023-11-02 14:02:15.077000,2023-11-02 14:02:25.098000,2383.748,2393.769,10.021,7,144_complex
IDLE,2023-11-02 14:02:25.098000,2023-11-02 14:02:27.101000,2393.769,2395.772,2.003,8,203_original
TASK COMPREHENSION,2023-11-02 14:02:27.101000,2023-11-02 14:02:52.132000,2395.772,2420.803,25.031,8,203_original
FAULT LOCALIZATION,2023-11-02 14:02:52.132000,2023-11-02 14:03:20.416000,2420.803,2449.087,28.284,8,203_original
CODE EDITING,2023-11-02 14:03:20.416000,2023-11-02 14:03:33,2449.087,2461.671,12.584,8,203_original
COMPILING,2023-11-02 14:03:33,2023-11-02 14:03:35.231000,2461.671,2463.902,2.231,8,203_original
OUTPUT COMPREHENSION,2023-11-02 14:03:35.231000,2023-11-02 14:03:41.848000,2463.902,2470.519,6.617,8,203_original
CODE EDITING,2023-11-02 14:03:41.848000,2023-11-02 14:03:54,2470.519,2482.671,12.152,8,203_original
COMPILING,2023-11-02 14:03:54,2023-11-02 14:03:56.295000,2482.671,2484.966,2.295,8,203_original
OUTPUT COMPREHENSION,2023-11-02 14:03:56.295000,2023-11-02 14:04:00.150000,2484.966,2488.821,3.855,8,203_original
CODE EDITING,2023-11-02 14:04:00.150000,2023-11-02 14:04:30,2488.821,2518.671,29.85,8,203_original
COMPILING,2023-11-02 14:04:30,2023-11-02 14:04:33.350000,2518.671,2522.021,3.35,8,203_original
OUTPUT COMPREHENSION,2023-11-02 14:04:33.350000,2023-11-02 14:05:16.511000,2522.021,2565.182,43.161,8,203_original
CODE EDITING,2023-11-02 14:05:16.511000,2023-11-02 14:05:47,2565.182,2595.671,30.489,8,203_original
COMPILING,2023-11-02 14:05:47,2023-11-02 14:05:49.467000,2595.671,2598.138,2.467,8,203_original
OUTPUT COMPREHENSION,2023-11-02 14:05:49.467000,2023-11-02 14:06:01.572000,2598.138,2610.243,12.105,8,203_original
CODE EDITING,2023-11-02 14:06:01.572000,2023-11-02 14:07:57,2610.243,2725.671,115.428,8,203_original
COMPILING,2023-11-02 14:07:57,2023-11-02 14:08:00.743000,2725.671,2729.414,3.743,8,203_original
OUTPUT COMPREHENSION,2023-11-02 14:08:00.743000,2023-11-02 14:08:22.961000,2729.414,2751.632,22.218,8,203_original
CODE EDITING,2023-11-02 14:08:22.961000,2023-11-02 14:08:40,2751.632,2768.671,17.039,8,203_original
COMPILING,2023-11-02 14:08:40,2023-11-02 14:08:42.815000,2768.671,2771.486,2.815,8,203_original
OUTPUT COMPREHENSION,2023-11-02 14:08:42.815000,2023-11-02 14:08:59.369000,2771.486,2788.04,16.554,8,203_original
CODE EDITING,2023-11-02 14:08:59.369000,2023-11-02 14:09:04,2788.04,2792.671,4.631,8,203_original
COMPILING,2023-11-02 14:09:04,2023-11-02 14:09:06.840000,2792.671,2795.511,2.84,8,203_original
OUTPUT COMPREHENSION,2023-11-02 14:09:06.840000,2023-11-02 14:09:25.344000,2795.511,2814.015,18.504,8,203_original
CODE EDITING,2023-11-02 14:09:25.344000,2023-11-02 14:09:33,2814.015,2821.671,7.656,8,203_original
COMPILING,2023-11-02 14:09:33,2023-11-02 14:09:36.893000,2821.671,2825.564,3.893,8,203_original
OUTPUT COMPREHENSION,2023-11-02 14:09:36.893000,2023-11-02 14:09:42.857000,2825.564,2831.528,5.964,8,203_original
CODE EDITING,2023-11-02 14:09:42.857000,2023-11-02 14:10:01,2831.528,2849.671,18.143,8,203_original
COMPILING,2023-11-02 14:10:01,2023-11-02 14:10:05.941000,2849.671,2854.612,4.941,8,203_original
OUTPUT COMPREHENSION,2023-11-02 14:10:05.941000,2023-11-02 14:10:05.941000,2854.612,2854.612,0.0,8,203_original
