State,Start Timestamp,End Timestamp,Begin Time,End Time,Duration,problemNum,programType
START,2023-09-08 21:03:27.500000,2023-09-08 21:03:28.216000,0.0,0.716,0.716,0,0
TASK COMPREHENSION,2023-09-08 21:03:28.216000,2023-09-08 21:03:31.159000,0.716,3.659,2.943,1,169_simple
FAULT LOCALIZATION,2023-09-08 21:03:31.159000,2023-09-08 21:03:48.598000,3.659,21.098,17.439,1,169_simple
CODE EDITING,2023-09-08 21:03:48.598000,2023-09-08 21:08:12,21.098,284.5,263.402,1,169_simple
COMPILING,2023-09-08 21:08:12,2023-09-08 21:08:17.662000,284.5,290.162,5.662,1,169_simple
OUTPUT COMPREHENSION,2023-09-08 21:08:17.662000,2023-09-08 21:08:25.670000,290.162,298.17,8.008,1,169_simple
TASK COMPREHENSION,2023-09-08 21:08:25.670000,2023-09-08 21:08:26.683000,298.17,299.183,1.013,2,1_nonword
FAULT LOCALIZATION,2023-09-08 21:08:26.683000,2023-09-08 21:09:11.182000,299.183,343.682,44.499,2,1_nonword
CODE EDITING,2023-09-08 21:09:11.182000,2023-09-08 21:11:21,343.682,473.5,129.818,2,1_nonword
COMPILING,2023-09-08 21:11:21,2023-09-08 21:11:26.922000,473.5,479.422,5.922,2,1_nonword
OUTPUT COMPREHENSION,2023-09-08 21:11:26.922000,2023-09-08 21:11:37.936000,479.422,490.436,11.014,2,1_nonword
TASK COMPREHENSION,2023-09-08 21:11:37.936000,2023-09-08 21:11:41.946000,490.436,494.446,4.01,1,169_simple
FAULT LOCALIZATION,2023-09-08 21:11:41.946000,2023-09-08 21:13:58.390000,494.446,630.89,136.444,1,169_simple
CODE EDITING,2023-09-08 21:13:58.390000,2023-09-08 21:16:01,630.89,753.5,122.61,1,169_simple
COMPILING,2023-09-08 21:16:01,2023-09-08 21:16:08.365000,753.5,760.865,7.365,1,169_simple
OUTPUT COMPREHENSION,2023-09-08 21:16:08.365000,2023-09-08 21:16:10.368000,760.865,762.868,2.003,1,169_simple
IDLE,2023-09-08 21:16:10.368000,2023-09-08 21:16:22.420000,762.868,774.92,12.052,3,118_simple
TASK COMPREHENSION,2023-09-08 21:16:22.420000,2023-09-08 21:16:41.445000,774.92,793.945,19.025,4,203_nonword
FAULT LOCALIZATION,2023-09-08 21:16:41.445000,2023-09-08 21:16:48.406000,793.945,800.906,6.961,4,203_nonword
CODE EDITING,2023-09-08 21:16:48.406000,2023-09-08 21:17:35,800.906,847.5,46.594,4,203_nonword
COMPILING,2023-09-08 21:17:35,2023-09-08 21:17:39.540000,847.5,852.04,4.54,4,203_nonword
OUTPUT COMPREHENSION,2023-09-08 21:17:39.540000,2023-09-08 21:17:55,852.04,867.5,15.46,4,203_nonword
COMPILING,2023-09-08 21:17:55,2023-09-08 21:17:59.606000,867.5,872.106,4.606,4,203_nonword
OUTPUT COMPREHENSION,2023-09-08 21:17:59.606000,2023-09-08 21:18:06.624000,872.106,879.124,7.018,4,203_nonword
IDLE,2023-09-08 21:18:06.624000,2023-09-08 21:18:08.627000,879.124,881.127,2.003,5,104_nonword
TASK COMPREHENSION,2023-09-08 21:18:08.627000,2023-09-08 21:18:18.633000,881.127,891.133,10.006,5,104_nonword
FAULT LOCALIZATION,2023-09-08 21:18:18.633000,2023-09-08 21:18:31.693000,891.133,904.193,13.06,5,104_nonword
CODE EDITING,2023-09-08 21:18:31.693000,2023-09-08 21:19:18,904.193,950.5,46.307,5,104_nonword
COMPILING,2023-09-08 21:19:18,2023-09-08 21:19:24.732000,950.5,957.232,6.732,5,104_nonword
OUTPUT COMPREHENSION,2023-09-08 21:19:24.732000,2023-09-08 21:19:31.751000,957.232,964.251,7.019,5,104_nonword
TASK COMPREHENSION,2023-09-08 21:19:31.751000,2023-09-08 21:19:59.787000,964.251,992.287,28.036,6,121_original
FAULT LOCALIZATION,2023-09-08 21:19:59.787000,2023-09-08 21:20:02.659000,992.287,995.159,2.872,6,121_original
CODE EDITING,2023-09-08 21:20:02.659000,2023-09-08 21:20:21,995.159,1013.5,18.341,6,121_original
COMPILING,2023-09-08 21:20:21,2023-09-08 21:20:27.845000,1013.5,1020.345,6.845,6,121_original
OUTPUT COMPREHENSION,2023-09-08 21:20:27.845000,2023-09-08 21:20:41.023000,1020.345,1033.523,13.178,6,121_original
CODE EDITING,2023-09-08 21:20:41.023000,2023-09-08 21:21:33,1033.523,1085.5,51.977,6,121_original
COMPILING,2023-09-08 21:21:33,2023-09-08 21:22:18.497000,1085.5,1130.997,45.497,6,121_original
CODE EDITING,2023-09-08 21:22:18.497000,2023-09-08 21:22:50,1130.997,1162.5,31.503,7,144_original
COMPILING,2023-09-08 21:22:50,2023-09-08 21:22:56.220000,1162.5,1168.72,6.22,7,144_original
OUTPUT COMPREHENSION,2023-09-08 21:22:56.220000,2023-09-08 21:23:03.232000,1168.72,1175.732,7.012,7,144_original
TASK COMPREHENSION,2023-09-08 21:23:03.232000,2023-09-08 21:23:16.254000,1175.732,1188.754,13.022,8,108_simple
FAULT LOCALIZATION,2023-09-08 21:23:16.254000,2023-09-08 21:24:06.411000,1188.754,1238.911,50.157,8,108_simple
CODE EDITING,2023-09-08 21:24:06.411000,2023-09-08 21:24:45,1238.911,1277.5,38.589,8,108_simple
COMPILING,2023-09-08 21:24:45,2023-09-08 21:24:50.439000,1277.5,1282.939,5.439,8,108_simple
OUTPUT COMPREHENSION,2023-09-08 21:24:50.439000,2023-09-08 21:24:56,1282.939,1288.5,5.561,8,108_simple
COMPILING,2023-09-08 21:24:56,2023-09-08 21:25:01.447000,1288.5,1293.947,5.447,8,108_simple
OUTPUT COMPREHENSION,2023-09-08 21:25:01.447000,2023-09-08 21:25:13.506000,1293.947,1306.006,12.059,8,108_simple
CODE EDITING,2023-09-08 21:25:13.506000,2023-09-08 21:25:18,1306.006,1310.5,4.494,8,108_simple
COMPILING,2023-09-08 21:25:18,2023-09-08 21:25:21.474000,1310.5,1313.974,3.474,8,108_simple
OUTPUT COMPREHENSION,2023-09-08 21:25:21.474000,2023-09-08 21:25:31.079000,1313.974,1323.579,9.605,8,108_simple
CODE EDITING,2023-09-08 21:25:31.079000,2023-09-08 21:25:34,1323.579,1326.5,2.921,8,108_simple
COMPILING,2023-09-08 21:25:34,2023-09-08 21:25:38.517000,1326.5,1331.017,4.517,8,108_simple
OUTPUT COMPREHENSION,2023-09-08 21:25:38.517000,2023-09-08 21:27:01.396000,1331.017,1413.896,82.879,8,108_simple
CODE EDITING,2023-09-08 21:27:01.396000,2023-09-08 21:27:03,1413.896,1415.5,1.604,8,108_simple
COMPILING,2023-09-08 21:27:03,2023-09-08 21:27:09.642000,1415.5,1422.142,6.642,8,108_simple
OUTPUT COMPREHENSION,2023-09-08 21:27:09.642000,2023-09-08 21:27:19,1422.142,1431.5,9.358,8,108_simple
COMPILING,2023-09-08 21:27:19,2023-09-08 21:27:23.653000,1431.5,1436.153,4.653,8,108_simple
OUTPUT COMPREHENSION,2023-09-08 21:27:23.653000,2023-09-08 21:27:28.191000,1436.153,1440.691,4.538,8,108_simple
CODE EDITING,2023-09-08 21:27:28.191000,2023-09-08 21:28:49,1440.691,1521.5,80.809,8,108_simple
COMPILING,2023-09-08 21:28:49,2023-09-08 21:28:54.794000,1521.5,1527.294,5.794,8,108_simple
OUTPUT COMPREHENSION,2023-09-08 21:28:54.794000,2023-09-08 21:30:25.955000,1527.294,1618.455,91.161,8,108_simple
CODE EDITING,2023-09-08 21:30:25.955000,2023-09-08 21:30:28,1618.455,1620.5,2.045,8,108_simple
COMPILING,2023-09-08 21:30:28,2023-09-08 21:30:31.971000,1620.5,1624.471,3.971,8,108_simple
OUTPUT COMPREHENSION,2023-09-08 21:30:31.971000,2023-09-08 21:30:57.400000,1624.471,1649.9,25.429,8,108_simple
CODE EDITING,2023-09-08 21:30:57.400000,2023-09-08 21:31:00,1649.9,1652.5,2.6,8,108_simple
COMPILING,2023-09-08 21:31:00,2023-09-08 21:31:05.024000,1652.5,1657.524,5.024,8,108_simple
OUTPUT COMPREHENSION,2023-09-08 21:31:05.024000,2023-09-08 21:31:14.040000,1657.524,1666.54,9.016,8,108_simple
TASK COMPREHENSION,2023-09-08 21:31:14.040000,2023-09-08 21:31:16.057000,1666.54,1668.557,2.017,9,66_original
FAULT LOCALIZATION,2023-09-08 21:31:16.057000,2023-09-08 21:32:29.011000,1668.557,1741.511,72.954,9,66_original
CODE EDITING,2023-09-08 21:32:29.011000,2023-09-08 21:33:53,1741.511,1825.5,83.989,9,66_original
COMPILING,2023-09-08 21:33:53,2023-09-08 21:33:58.296000,1825.5,1830.796,5.296,9,66_original
OUTPUT COMPREHENSION,2023-09-08 21:33:58.296000,2023-09-08 21:34:04.308000,1830.796,1836.808,6.012,9,66_original
TASK COMPREHENSION,2023-09-08 21:34:04.308000,2023-09-08 21:34:05.316000,1836.808,1837.816,1.008,10,112_simple
FAULT LOCALIZATION,2023-09-08 21:34:05.316000,2023-09-08 21:34:36.373000,1837.816,1868.873,31.057,10,112_simple
CODE EDITING,2023-09-08 21:34:36.373000,2023-09-08 21:37:33,1868.873,2045.5,176.627,10,112_simple
COMPILING,2023-09-08 21:37:33,2023-09-08 21:37:42.123000,2045.5,2054.623,9.123,10,112_simple
OUTPUT COMPREHENSION,2023-09-08 21:37:42.123000,2023-09-08 21:42:26.494000,2054.623,2338.994,284.371,10,112_simple
CODE EDITING,2023-09-08 21:42:26.494000,2023-09-08 21:43:33,2338.994,2405.5,66.506,10,112_simple
COMPILING,2023-09-08 21:43:33,2023-09-08 21:43:37.005000,2405.5,2409.505,4.005,10,112_simple
OUTPUT COMPREHENSION,2023-09-08 21:43:37.005000,2023-09-08 21:43:46.017000,2409.505,2418.517,9.012,10,112_simple
TASK COMPREHENSION,2023-09-08 21:43:46.017000,2023-09-08 21:43:47.018000,2418.517,2419.518,1.001,11,35_complex
FAULT LOCALIZATION,2023-09-08 21:43:47.018000,2023-09-08 21:44:14.970000,2419.518,2447.47,27.952,11,35_complex
CODE EDITING,2023-09-08 21:44:14.970000,2023-09-08 21:45:03,2447.47,2495.5,48.03,11,35_complex
COMPILING,2023-09-08 21:45:03,2023-09-08 21:45:07.198000,2495.5,2499.698,4.198,11,35_complex
OUTPUT COMPREHENSION,2023-09-08 21:45:07.198000,2023-09-08 21:45:12.210000,2499.698,2504.71,5.012,11,35_complex
TASK COMPREHENSION,2023-09-08 21:45:12.210000,2023-09-08 21:45:34.244000,2504.71,2526.744,22.034,12,136_complex
FAULT LOCALIZATION,2023-09-08 21:45:34.244000,2023-09-08 21:45:38.993000,2526.744,2531.493,4.749,12,136_complex
CODE EDITING,2023-09-08 21:45:38.993000,2023-09-08 21:46:03,2531.493,2555.5,24.007,12,136_complex
COMPILING,2023-09-08 21:46:03,2023-09-08 21:46:07.365000,2555.5,2559.865,4.365,12,136_complex
OUTPUT COMPREHENSION,2023-09-08 21:46:07.365000,2023-09-08 21:46:13.371000,2559.865,2565.871,6.006,12,136_complex
TASK COMPREHENSION,2023-09-08 21:46:13.371000,2023-09-08 21:46:14.377000,2565.871,2566.877,1.006,13,13_complex
FAULT LOCALIZATION,2023-09-08 21:46:14.377000,2023-09-08 21:46:37.014000,2566.877,2589.514,22.637,13,13_complex
CODE EDITING,2023-09-08 21:46:37.014000,2023-09-08 21:49:29,2589.514,2761.5,171.986,13,13_complex
COMPILING,2023-09-08 21:49:29,2023-09-08 21:49:33.724000,2761.5,2766.224,4.724,13,13_complex
OUTPUT COMPREHENSION,2023-09-08 21:49:33.724000,2023-09-08 21:49:43.744000,2766.224,2776.244,10.02,13,13_complex
